"African"	"AfricanxMfalcata"	"AfricanxPeruvian"	"Chilean"	"ChileanSeedInc"	"ChileanxMfalcata"	"Ezra"	"Flemish"	"Indian"	"IndianxLadak"	"Ladak"	"Mfalcata"	"MfalcataSeedInc"	"MfalcataxPeruvian"	"Mvaria"	"NY1430"	"NY1517"	"NY1518"	"OneidaVR"	"Peruvian"	"Regen"	"SW315LH"	"Turkistan"	"Vernal"	"AfricanxChileanEst"	"AfricanxFlemishEst"	"AfricanxIndianEst"	"AfricanxLadakEst"	"AfricanxMfalcataEst"	"AfricanxMvariaEst"	"AfricanxPeruvianEst"	"AfricanxTurkistanEst"	"ChileanxFlemishEst"	"ChileanxIndianEst"	"ChileanxLadakEst"	"ChileanxMfalcataEst"	"ChileanxMvariaEst"	"ChileanxPeruvianEst"	"ChileanxTurkistanEst"	"FlemishxIndianEst"	"FlemishxLadakEst"	"FlemishxMfalcataEst"	"FlemishxMvariaEst"	"FlemishxPeruvianEst"	"FlemishxTurkistanEst"	"IndianxLadakEst"	"IndianxMfalcataEst"	"IndianxMvariaEst"	"IndianxPeruvianEst"	"IndianxTurkistanEst"	"LadakxMfalcataEst"	"LadakxMvariaEst"	"LadakxPeruvianEst"	"LadakxTurkistanEst"	"MfalcataxMvariaEst"	"MfalcataxPeruvianEst"	"MfalcataxTurkistanEst"	"MvariaxPeruvianEst"	"MvariaxTurkistanEst"	"PeruvianxTurkistanEst"
"African"	0.0976208038872955	-0.0182597805568556	0.0619204903240091	0.0598863303817358	0.054717246582526	-0.0359768896152171	0.0142465174058084	0.0313067482205268	0.057749538663849	0.0400674649112262	0.00411422346520097	-0.151862171093901	-0.164764191388316	-0.0378644300829904	0.0242221312709296	0.0147347304814667	0.00467852165621281	0.00951964946610809	0.0190952992269584	0.0523549064837359	0.0118910055089997	-0.0067563029736986	0.0564921423870585	0.00377700449481616	0.0871115644313357	0.0728217733507312	0.0860431685723923	0.0592255109730683	-0.0187626863064829	0.0692794648759326	0.0833458524823357	0.0854144704339971	0.0455965393011313	0.0588179345227924	0.0320002769234684	-0.0459879203560828	0.0420542308263327	0.0561206184327359	0.0581892363843972	0.0445281434421879	0.0177104858428639	-0.0602777114366873	0.0277644397457282	0.0418308273521313	0.0438994453037926	0.030931881064525	-0.0470563162150262	0.0409858349673893	0.0550522225737925	0.0571208405254538	-0.0738739738143502	0.0141681773680653	0.0282345649744684	0.0303031829261298	-0.0638200199114859	-0.0497536323050828	-0.0476850143534214	0.0382885188773327	0.0403571368289941	0.0544235244353972
"AfricanxMfalcata"	-0.0182597805568556	-0.0109046292580503	-0.0250636595354871	-0.0243757619386699	-0.0300999083476325	-0.0369781761804101	-0.0420369056391127	-0.0350171479197626	-0.0265339648121889	-0.0253866119100064	-0.0368489610899301	-0.043614096700202	-0.0590428650525363	-0.0374733787613245	-0.0327616094519224	-0.0427927983229701	-0.0471917452544597	-0.045830273224225	-0.0390586820928182	-0.0300278510628267	-0.0431739026781191	-0.0496270559586845	-0.0154115114735541	-0.0366984734510908	-0.0213177712477628	-0.0266384642383091	-0.0223968726845223	-0.0275543708233928	-0.0309369386285288	-0.025510695004389	-0.0241438158098411	-0.0168356460152048	-0.0296964549292162	-0.0254548633754294	-0.0306123615143	-0.0339949293194359	-0.0285686856952962	-0.0272018065007483	-0.019893636706112	-0.0307755563659757	-0.0359330545048463	-0.0393156223099823	-0.0338893786858425	-0.0325224994912946	-0.0252143296966583	-0.0316914629510595	-0.0350740307561954	-0.0296477871320557	-0.0282809079375078	-0.0209727381428715	-0.040231528895066	-0.0348052852709263	-0.0334384060763784	-0.0261302362817421	-0.0381878530760622	-0.0368209738815143	-0.029512804086878	-0.0313947302573745	-0.0240865604627382	-0.0227196812681904
"AfricanxPeruvian"	0.0619204903240091	-0.0250636595354871	0.0706868382073891	0.0597506607536555	0.055005559603108	-0.037741687711581	0.0127813125983706	0.0299026736275558	0.0545441143275665	0.0375883432313834	0.0019735800269514	-0.15783494742929	-0.169385425561241	-0.0361285659919342	0.0222912021982384	0.0131662268419977	0.00440533758303328	0.00921602800169076	0.0172248062969787	0.0567293814001262	0.010521578222968	-0.00842115215273945	0.0514672532973345	0.00178422008741334	0.0608355755388323	0.0459115819757825	0.0582323023257878	0.0319470351754803	-0.0479572285526404	0.0421058462611238	0.0593249358620677	0.0566938718106718	0.0448266671906057	0.057147387540611	0.0308621203903035	-0.0490421433378173	0.0410209314759469	0.0582400210768909	0.055608957025495	0.0422233939775612	0.0159381268272536	-0.0639661369008671	0.0260969379128971	0.043316027513841	0.0406849634624452	0.028258847177259	-0.0516454165508617	0.0384176582629025	0.0556367478638464	0.0530056838124505	-0.0779306837011693	0.0121323911125949	0.0293514807135388	0.026720416662143	-0.0677718726155258	-0.0505527830145819	-0.0531838470659777	0.0395102917991823	0.0368792277477865	0.0540983173487304
"Chilean"	0.0598863303817358	-0.0243757619386699	0.0597506607536555	0.0952782894457932	0.0800465470082131	-0.0213590631905357	0.0189250058235282	0.0358548875800531	0.057578676454907	0.0421971502584256	0.00677927660236686	-0.153648400237027	-0.166797844732707	-0.0350725607712617	0.0278918834855483	0.0194510764934839	0.010605490955201	0.0156974262861195	0.0234208619704184	0.0575667476276223	0.0152534798394757	-0.00354357540973466	0.0542264056596589	0.00688653961913208	0.0845550028332773	0.0478706089808945	0.0587325034183214	0.0333328034920514	-0.0468810349276458	0.043889106933642	0.0587265390046791	0.0570563680206974	0.072539281432436	0.0834011758698629	0.0580014759435929	-0.0222123624761043	0.0685577793851836	0.0833952114562206	0.0817250404722389	0.0467167820174801	0.02131708209121	-0.0588967563284872	0.0318733855328007	0.0467108176038377	0.045040646619856	0.0321789765286369	-0.0480348618910602	0.0427352799702276	0.0575727120412646	0.0559025410572829	-0.0734345618173303	0.0173355800439576	0.0321730121149946	0.0305028411310129	-0.0628782583757396	-0.0480408263047026	-0.0497109972886843	0.0427293155565853	0.0410591445726036	0.0558965766436406
"ChileanSeedInc"	0.054717246582526	-0.0300999083476325	0.055005559603108	0.0800465470082131	0.0968501960676646	-0.0277817014992949	0.0124780201537596	0.0290650172553345	0.0523530353715341	0.0366287070883349	0.00268502922601549	-0.159463709518794	-0.171735676192077	-0.0412332580825204	0.0212064433956459	0.0136552208952382	0.00444007759114488	0.0101237432733953	0.01665737818929	0.0525216873773604	0.01026769426643	-0.0101947347631357	0.048281645404951	0.00078582841711356	0.0673818967953695	0.0418911319189302	0.0535351409770301	0.0287011379042707	-0.0523732314681342	0.037961844989086	0.0536194669799432	0.0514994459937385	0.0545557821317738	0.0661997911898736	0.0413657881171143	-0.0397085812552906	0.0506264952019295	0.0662841171927867	0.064164096206582	0.0407090263134343	0.015875023240675	-0.0651993461317299	0.0251357303254902	0.0407933523163475	0.0386733313301427	0.0275190322987748	-0.0535553370736301	0.03677973938359	0.0524373613744473	0.0503173403882426	-0.0783893401463894	0.0119457363108307	0.0276033583016879	0.0254833373154832	-0.0691286330615742	-0.053471011070717	-0.0555910320569217	0.0368640653865032	0.0347440444002985	0.0504016663911557
"ChileanxMfalcata"	-0.0359768896152171	-0.0369781761804101	-0.037741687711581	-0.0213590631905357	-0.0277817014992949	-0.0229255476068603	-0.0494321723810148	-0.0427027077214079	-0.03864504102037	-0.0353967756306487	-0.0436128103047533	-0.0491358787019388	-0.0622945512221378	-0.0429755759730726	-0.0411038144529681	-0.0497695347480916	-0.0536765767216162	-0.0514390498825853	-0.0465756413362792	-0.0371982557781583	-0.049861448209077	-0.0567025071050941	-0.0274956582963482	-0.0438390771577721	-0.0286679764028764	-0.0393397986683125	-0.0373109653177935	-0.0397948499599852	-0.042556384158578	-0.0385403520340926	-0.0365875726966877	-0.0317362739557826	-0.0320308854559718	-0.0300020521054528	-0.0324859367476445	-0.0352474709462372	-0.0312314388217519	-0.029278659484347	-0.0244273607434419	-0.040673874370889	-0.0431577590130806	-0.0459192932116734	-0.041903261087188	-0.0399504817497831	-0.035099183008878	-0.0411289256625616	-0.0438904598611544	-0.039874427736669	-0.0379216483992642	-0.0330703496583591	-0.046374344503346	-0.0423583123788607	-0.0404055330414558	-0.0355542343005507	-0.0451198465774535	-0.0431670672400486	-0.0383157684991435	-0.0391510351155632	-0.0342997363746581	-0.0323469570372533
"Ezra"	0.0142465174058084	-0.0420369056391127	0.0127813125983706	0.0189250058235282	0.0124780201537596	-0.0494321723810148	0.0286441790310602	0.00891393766431235	0.0106247006053119	0.00823187971326223	-0.0123382830777752	-0.131066087904591	-0.145015574396626	-0.0520568060148448	0.00375837130048951	0.0116542253109991	0.00224779986633492	0.00561910431208418	0.0111298329464014	0.0115952535034221	0.0100311063487255	-0.00830117876938301	0.0205553374355508	-0.0088690832634832	0.0165857616146683	0.0115802275350604	0.0124356090055602	0.000954117164016599	-0.0584097852493913	0.00900244435314896	0.0129208854546152	0.0174009274206796	0.0139194717439203	0.0147748532144201	0.00329336137287649	-0.0560705410405314	0.0113416885620088	0.0152601296634751	0.0197401716295395	0.00976931913481214	-0.00171217270673142	-0.0610760751201393	0.00633615448240093	0.0102545955838672	0.0147346375499316	-0.000856791236231633	-0.0602206936496395	0.00719153595290072	0.011109977054367	0.0155900190204314	-0.0717021854911831	-0.00428995588864284	-0.000371514787176563	0.0041085271788878	-0.0636538583020507	-0.0597354172005845	-0.0552553752345201	0.00767681240195579	0.0121568543680202	0.0160752954694864
"Flemish"	0.0313067482205268	-0.0350171479197626	0.0299026736275558	0.0358548875800531	0.0290650172553345	-0.0427027077214079	0.00891393766431235	0.0661157246495509	0.0271827665085878	0.0207446788830951	-0.00278263494011734	-0.138354812179144	-0.150933015495707	-0.0447635933285181	0.0157079750696162	0.0081857054710105	0.00014252602034991	0.00492950019278224	0.0126584977752611	0.0279822125758902	0.00718776756289021	-0.00848313613843685	0.032058015539106	-0.00576163176207135	0.0335808179002899	0.0625539889632747	0.0292447573645573	0.0142620566402047	-0.0535240319793086	0.0235073616450715	0.0296444803982085	0.0316823818798164	0.0648280586430379	0.0315188270443204	0.0165361263199679	-0.0512499622995454	0.0257814313248347	0.0319185500779717	0.0339564515595796	0.0604919981073052	0.0455092973829527	-0.0222767912365606	0.0547546023878195	0.0608917211409565	0.0629296226225644	0.0122000657842352	-0.0555860228352781	0.021445370789102	0.027582489542239	0.0296203910238469	-0.0705687235596306	0.00646267006474945	0.0125997888178864	0.0146376902994943	-0.0613234185547638	-0.0551862998016269	-0.0531483983200189	0.0218450938227532	0.0238829953043611	0.0300201140574981
"Indian"	0.057749538663849	-0.0265339648121889	0.0545441143275665	0.057578676454907	0.0523530353715341	-0.03864504102037	0.0106247006053119	0.0271827665085878	0.0943521490391982	0.0433581288259599	0.00149120477261347	-0.157610336905698	-0.168813387097913	-0.0409919820215707	0.0213778934629127	0.0124093191641619	0.00191980308668844	0.00760774955390469	0.0163143505352302	0.0505259806774582	0.00881091471886912	-0.0110032558330501	0.0503328454015005	-0.000161111203173986	0.057664107559378	0.0424661525862184	0.0868447239483319	0.0296203717182313	-0.0499303991209246	0.0395637160633809	0.0541377596706536	0.0540411920326748	0.0423807214817474	0.0867592928438609	0.0295349406137602	-0.0500158302253957	0.0394782849589098	0.0540523285661826	0.0539557609282038	0.0715613378707013	0.0143369856406006	-0.0652137851985553	0.0242803299857502	0.038854373593023	0.0387578059550441	0.0587155570027141	-0.0208352138364418	0.0686589013478637	0.0832329449551365	0.0831363773171577	-0.0780595660665424	0.0114345491177631	0.0260085927250359	0.025912025087057	-0.0681162217213928	-0.05354217811412	-0.0536387457520989	0.0359519370701855	0.0358553694322066	0.0504294130394794
"IndianxLadak"	0.0400674649112262	-0.0253866119100064	0.0375883432313834	0.0421971502584256	0.0366287070883349	-0.0353967756306487	0.00823187971326223	0.0207446788830951	0.0433581288259599	0.0447155877097018	0.00681348796916305	-0.12904041777952	-0.141964024343885	-0.0378978623546378	0.0171677601201836	0.0077730379530337	0.000497578323657054	0.0044847551568876	0.0127313108674271	0.0345841330862963	0.00675609347270154	-0.0095651789778975	0.040902228425017	0.000853768217872635	0.0411323075848259	0.0304060718971606	0.0417127968685931	0.0234404764401946	-0.0444864764341468	0.0286176125157049	0.0373257989987613	0.0404848466681216	0.0314709145707603	0.0427776395421928	0.0245053191137943	-0.0434216337605471	0.0296824551893046	0.0383906416723609	0.0415496893417213	0.0320514038545275	0.0137790834261291	-0.0541478694482124	0.0189562195016393	0.0276644059846957	0.030823453654056	0.0250858083975615	-0.0428411444767799	0.0302629444730718	0.0389711309561281	0.0421301786254885	-0.0611134649051784	0.0119906240446733	0.0206988105277297	0.02385785819709	-0.0559363288296681	-0.0472281423466118	-0.0440690946772514	0.02587594660324	0.0290349942726003	0.0377431807556567
"Ladak"	0.00411422346520097	-0.0368489610899301	0.0019735800269514	0.00677927660236686	0.00268502922601549	-0.0436128103047533	-0.0123382830777752	-0.00278263494011734	0.00149120477261347	0.00681348796916305	0.028992092889718	-0.105957467586947	-0.11569786741993	-0.0458780705997022	-0.00335136148193876	-0.0129310345835538	-0.0189347276570143	-0.0148131541348765	-0.00875817897179375	0.00121342174083971	-0.0127849624679087	-0.0235825847069672	0.016371647251839	-0.0136088038163308	0.00544675003378391	0.000665794262541814	0.00280271411890722	0.026313989786497	-0.0509216220608729	0.000381430991631105	0.00266382260302034	0.01024293535852	0.00199832083112476	0.00413524068749017	0.0276465163550799	-0.0495890954922899	0.00171395756021405	0.00399634917160328	0.0115754619271029	-0.000645715083751933	0.0228655605838378	-0.054370051263532	-0.00306699821102805	-0.000784606599638815	0.00679450615586081	0.0250024804402032	-0.0522331314071666	-0.000930078354662643	0.00135231325672659	0.00893142601222622	-0.0287218557395769	0.0225811973129271	0.0248635889243163	0.032442701679816	-0.0546544145344427	-0.0523720229230535	-0.0447929101675539	-0.00106896987054952	0.0065101428849501	0.00879253449633933
"Mfalcata"	-0.151862171093901	-0.043614096700202	-0.15783494742929	-0.153648400237027	-0.159463709518794	-0.0491358787019388	-0.131066087904591	-0.138354812179144	-0.157610336905698	-0.12904041777952	-0.105957467586947	0.133055673991449	0.0982274888548116	-0.0441652986614908	-0.121680917677964	-0.132816844128969	-0.129521418954923	-0.136136057735208	-0.13032453594958	-0.156851961692775	-0.131162656533769	-0.118628230778357	-0.128433620496703	-0.102405246918959	-0.152755285665464	-0.145108491636523	-0.1547362539998	-0.128909819340424	-0.000148395283810226	-0.136771544385933	-0.154357066393338	-0.140147895795302	-0.146001606208086	-0.155629368571363	-0.129802933911987	-0.00104150985537325	-0.137664658957496	-0.155250180964901	-0.141041010366865	-0.147982574542421	-0.122156139883045	0.00660528417356853	-0.130017864928554	-0.147603386935959	-0.133394216337924	-0.131783902246323	-0.00302247818970868	-0.139645627291831	-0.157231149299237	-0.143021978701201	0.0228039564696671	-0.113819192632455	-0.131404714639861	-0.117195544041825	0.0149422314241584	-0.00264329058324702	0.011565880014789	-0.13926643968537	-0.125057269087334	-0.142642791094739
"MfalcataSeedInc"	-0.164764191388316	-0.0590428650525363	-0.169385425561241	-0.166797844732707	-0.171735676192077	-0.0622945512221378	-0.145015574396626	-0.150933015495707	-0.168813387097913	-0.141964024343885	-0.11569786741993	0.0982274888548116	0.113212538745478	-0.0591495925558484	-0.135448151187501	-0.14744993427539	-0.144003794704882	-0.147339795687578	-0.144459235440303	-0.168635951151939	-0.143491875726805	-0.132268585627047	-0.140166529911652	-0.115840787464206	-0.165781018060511	-0.157848603442012	-0.166788789243115	-0.140231029404123	-0.0332683512667522	-0.150106171287908	-0.166700071270128	-0.152465360649984	-0.158865430114207	-0.16780561591531	-0.141247856076319	-0.0342851779389475	-0.151122997960104	-0.167716897942323	-0.153482187322179	-0.15987320129681	-0.133315441457819	-0.0263527633204479	-0.143190583341604	-0.159784483323823	-0.145549772703679	-0.142255627258922	-0.0352929491215507	-0.152130769142707	-0.168724669124926	-0.154489958504782	-0.00873518928255936	-0.125573009303715	-0.142166909285935	-0.127932198665791	-0.0186103311663445	-0.0352042311485637	-0.02096952052842	-0.15204205116972	-0.137807340549576	-0.154401240531795
"MfalcataxPeruvian"	-0.0378644300829904	-0.0374733787613245	-0.0361285659919342	-0.0350725607712617	-0.0412332580825204	-0.0429755759730726	-0.0520568060148448	-0.0447635933285181	-0.0409919820215707	-0.0378978623546378	-0.0458780705997022	-0.0441652986614908	-0.0591495925558484	-0.0222538482601702	-0.0417112749492811	-0.0518925539553908	-0.0560364103211572	-0.054653151938524	-0.0482684854576182	-0.0358495246007955	-0.0528129638000246	-0.0581486416884935	-0.0305622559794579	-0.045735786723547	-0.036468495427126	-0.0413140117057543	-0.0394282060522805	-0.0418712503413463	-0.0410148643722406	-0.0397878525161358	-0.0368569773418929	-0.0342133430312242	-0.0399180770498899	-0.0380322713964162	-0.0404753156854819	-0.0396189297163763	-0.0383919178602714	-0.0354610426860286	-0.0328174083753598	-0.0428777876750444	-0.0453208319641102	-0.0444644459950045	-0.0432374341388996	-0.0403065589646568	-0.037662924653988	-0.0434350263106364	-0.0425786403415308	-0.0413516284854259	-0.0384207533111831	-0.0357771190005143	-0.0450216846305965	-0.0437946727744917	-0.0408637976002488	-0.0382201632895801	-0.042938286805386	-0.0400074116311432	-0.0373637773204744	-0.0387803997750383	-0.0361367654643695	-0.0332058902901267
"Mvaria"	0.0242221312709296	-0.0327616094519224	0.0222912021982384	0.0278918834855483	0.0212064433956459	-0.0411038144529681	0.00375837130048951	0.0157079750696162	0.0213778934629127	0.0171677601201836	-0.00335136148193876	-0.121680917677964	-0.135448151187501	-0.0417112749492811	0.051055994010088	0.00316652778969419	-0.00331082000139173	-0.000849659917298908	0.00683519827664431	0.0208635321156686	0.00151473823772144	-0.0103953714670255	0.0300870300882162	-0.00295635746664715	0.0260570073782389	0.0199650531702729	0.0228000123669212	0.0104353848944954	-0.0487293932035173	0.0475249050391438	0.0225428316932991	0.0271545806795729	0.0217999292775822	0.0246348884742305	0.0122702610018047	-0.046894517096208	0.0493597811464532	0.0243777078006084	0.0289894567868822	0.0185429342662645	0.00617830679383874	-0.052986471304174	0.0432678269384872	0.0182857535926424	0.0228975025789162	0.00901326599048697	-0.0501515121075257	0.0461027861351354	0.0211207127892906	0.0257324617755644	-0.0625161395799515	0.0337381586627097	0.00875608531686491	0.0133678343031387	-0.0254266194353031	-0.0504086927811478	-0.045796943794874	0.0458456054615133	0.0504573544477871	0.0254752811019424
"NY1430"	0.0147347304814667	-0.0427927983229701	0.0131662268419977	0.0194510764934839	0.0136552208952382	-0.0497695347480916	0.0116542253109991	0.0081857054710105	0.0124093191641619	0.0077730379530337	-0.0129310345835538	-0.132816844128969	-0.14744993427539	-0.0518925539553908	0.00316652778969419	0.0342425119581293	0.00233581990448473	0.00485151430081662	0.0119411848331002	0.0117586699508142	0.00625595045393135	-0.011366235770241	0.0205645817633959	-0.0100046144929921	0.0170929034874753	0.0114602179762386	0.0135720248228143	0.00090184794895646	-0.0590410568237512	0.00895062913558046	0.0132467002161405	0.0176496561224313	0.0138183909822472	0.0159301978288229	0.00326002095496503	-0.0566828838177426	0.011308802141589	0.015604873222149	0.0200078291284399	0.0102975123175862	-0.00237266455627165	-0.0623155693289793	0.00567611663035235	0.00997218771091236	0.0143751436172032	-0.000260857709695971	-0.0602037624824036	0.00778792347692803	0.012083994557488	0.0164869504637789	-0.0728739393562614	-0.00488225339692981	-0.000586182316369799	0.00381677358992106	-0.0648251581696374	-0.0605290870890774	-0.0561261311827866	0.0074625988702542	0.0118655547765451	0.0161616258571051
"NY1517"	0.00467852165621281	-0.0471917452544597	0.00440533758303328	0.010605490955201	0.00444007759114488	-0.0536765767216162	0.00224779986633492	0.00014252602034991	0.00191980308668844	0.000497578323657054	-0.0189347276570143	-0.129521418954923	-0.144003794704882	-0.0560364103211572	-0.00331082000139173	0.00233581990448473	0.0285711984637393	0.000813415285444369	0.00271150092170131	0.00271158898211509	-0.00346091151286596	-0.00448491641739106	0.0117805260940341	-0.0144046490317528	0.00764200630570688	0.00241052383828136	0.00329916237145062	-0.00712810300040076	-0.0624214486493551	0.000683850827410534	0.00369505531916395	0.00822952387512343	0.00537400848777543	0.0062626470209447	-0.00416461835090668	-0.059457963999861	0.00364733547690461	0.00665853996865802	0.0111930085246175	0.00103116455351918	-0.0093961008183322	-0.0646894464672865	-0.00158414699052091	0.0014270575012325	0.00596152605719198	-0.00850746228516294	-0.0638008079341173	-0.000695508457351647	0.00231569603440177	0.00685016459036125	-0.0742280733059686	-0.011122773829203	-0.00811156933744961	-0.00357710078149013	-0.0664161194781574	-0.063404914986404	-0.0588704464304445	-0.000299615509638322	0.00423485304632116	0.00724605753807457
"NY1518"	0.00951964946610809	-0.045830273224225	0.00921602800169076	0.0156974262861195	0.0101237432733953	-0.0514390498825853	0.00561910431208418	0.00492950019278224	0.00760774955390469	0.0044847551568876	-0.0148131541348765	-0.136136057735208	-0.147339795687578	-0.054653151938524	-0.000849659917298908	0.00485151430081662	0.000813415285444369	0.0202362037713875	0.00488055560894603	0.00884694254483462	0.00199369655958658	-0.0150485357376689	0.0159133865874619	-0.0128110067617553	0.0126085378761138	0.00722457482944516	0.00856369951000639	-0.00264675233438421	-0.0633082041345502	0.00433499477440459	0.00918329600547135	0.012716518026785	0.0103134632394509	0.0116525879200121	0.000442136075621498	-0.0602193157245444	0.0074238831844103	0.0122721844154771	0.0158054064367907	0.00626862487334346	-0.00494182697104714	-0.0656032787712131	0.00203992013774167	0.00688822136880843	0.0104214433901221	-0.00360270229048591	-0.0642641540906519	0.00337904481830289	0.00822734604936965	0.0117605680706833	-0.0754746059350425	-0.00783140702608771	-0.00298310579502095	0.000550116226292687	-0.0684928588262537	-0.0636445575951869	-0.0601113355738732	0.00399864131376786	0.00753186333508149	0.0123801645661483
"OneidaVR"	0.0190952992269584	-0.0390586820928182	0.0172248062969787	0.0234208619704184	0.01665737818929	-0.0465756413362792	0.0111298329464014	0.0126584977752611	0.0163143505352302	0.0127313108674271	-0.00875817897179375	-0.13032453594958	-0.144459235440303	-0.0482684854576182	0.00683519827664431	0.0119411848331002	0.00271150092170131	0.00488055560894603	0.0301779989077193	0.0157988181613856	0.00605694240098359	-0.0094934390281277	0.0242938633856335	-0.00612704709959051	0.0212580805986884	0.0158768985011097	0.0177048248810943	0.00516856012758231	-0.0556146183613108	0.0129652487518013	0.017447058694172	0.0216945813062959	0.0180396798728398	0.0198676062528243	0.00733134149931233	-0.0534518369895808	0.0151280301235314	0.019609840065902	0.023857362678026	0.0144864241552457	0.00195015940173368	-0.0588330190871595	0.00974684802595271	0.0142286579683234	0.0184761805804473	0.00377808578171822	-0.0570050927071749	0.0115747744059373	0.0160565843483079	0.0203041069604319	-0.0695413574606869	-0.000961490347574723	0.00352031959479594	0.00776784220691988	-0.0617446688364679	-0.0572628588940972	-0.0530153362819733	0.011317008219015	0.0155645308311389	0.0200463407735096
"Peruvian"	0.0523549064837359	-0.0300278510628267	0.0567293814001262	0.0575667476276223	0.0525216873773604	-0.0371982557781583	0.0115952535034221	0.0279822125758902	0.0505259806774582	0.0345841330862963	0.00121342174083971	-0.156851961692775	-0.168635951151939	-0.0358495246007955	0.0208635321156686	0.0117586699508142	0.00271158898211509	0.00884694254483462	0.0157988181613856	0.0781389355185221	0.0104432926545009	-0.00872662246835825	0.0475748957327397	0.00033279204680379	0.0549608270556791	0.040168559529813	0.0514404435805971	0.0267841641122878	-0.0522485276045196	0.0366092192997022	0.0776452233406331	0.0499649011082378	0.0427744801017562	0.0540463641525403	0.029390084684231	-0.0496426070325764	0.0392151398716454	0.0802511439125763	0.052570821680181	0.0392540966266742	0.0145978171583649	-0.0644348745584424	0.0244228723457794	0.0654588763867103	0.037778554154315	0.025869701209149	-0.0531629905076584	0.0356947563965634	0.0767307604374943	0.049050438205099	-0.0778192699759677	0.0110384769282541	0.052074480969185	0.0243941587367897	-0.0679942147885532	-0.0269582107476223	-0.0546385329800176	0.0618995361565995	0.0342192139242042	0.0752552179651351
"Regen"	0.0118910055089997	-0.0431739026781191	0.010521578222968	0.0152534798394757	0.01026769426643	-0.049861448209077	0.0100311063487255	0.00718776756289021	0.00881091471886912	0.00675609347270154	-0.0127849624679087	-0.131162656533769	-0.143491875726805	-0.0528129638000246	0.00151473823772144	0.00625595045393135	-0.00346091151286596	0.00199369655958658	0.00605694240098359	0.0104432926545009	0.0221183034349473	-0.0108855887079148	0.0177425928778685	-0.0100156171982295	0.0135722426742377	0.00953938653594496	0.0103509601139344	-0.000446978479454482	-0.0596358255123845	0.00670287187336058	0.0111671490817503	0.0148167991934341	0.011220623701183	0.0120321972791724	0.00123425868578352	-0.0579545883471465	0.00838410903859858	0.0128483862469883	0.0164980363586721	0.00799934114087967	-0.00279859745250923	-0.0619874444854393	0.00435125290030583	0.00881553010869556	0.0124651802203794	-0.00198702387451978	-0.0611758709074498	0.00516282647829528	0.00962710368668502	0.0132767537983688	-0.0719738095008387	-0.00563511211509361	-0.00117083490670388	0.00247881520497991	-0.0648239591480237	-0.0603596819396339	-0.0567100318279501	0.00597901544611118	0.00962866555779497	0.0140929427661847
"SW315LH"	-0.0067563029736986	-0.0496270559586845	-0.00842115215273945	-0.00354357540973466	-0.0101947347631357	-0.0567025071050941	-0.00830117876938301	-0.00848313613843685	-0.0110032558330501	-0.0095651789778975	-0.0235825847069672	-0.118628230778357	-0.132268585627047	-0.0581486416884935	-0.0103953714670255	-0.011366235770241	-0.00448491641739106	-0.0150485357376689	-0.0094934390281277	-0.00872662246835825	-0.0108855887079148	0.0206815120051265	0.00104815606654317	-0.0198574504146792	-0.00514993919171663	-0.00761971955606772	-0.00887977940337437	-0.0151694438403329	-0.0626922668760279	-0.00857583722036206	-0.00774146272102842	-0.00285407345357771	-0.00601335577408575	-0.0072734156213924	-0.0135630800583509	-0.061085903094046	-0.00696947343838009	-0.00613509893904645	-0.00124770967159574	-0.00974319598574349	-0.016032860422702	-0.0635556834583971	-0.00943925380273119	-0.00860487930339754	-0.00371749003594684	-0.0172929202700087	-0.0648157433057037	-0.0106993136500378	-0.00986493915070419	-0.00497754988325349	-0.0711054077426623	-0.0169889780869964	-0.0161546035876627	-0.011267214320212	-0.0645118011226914	-0.0636774266233578	-0.0587900373559071	-0.00956099696769189	-0.00467360770024118	-0.00383923320090754
"Turkistan"	0.0564921423870585	-0.0154115114735541	0.0514672532973345	0.0542264056596589	0.048281645404951	-0.0274956582963482	0.0205553374355508	0.032058015539106	0.0503328454015005	0.040902228425017	0.016371647251839	-0.128433620496703	-0.140166529911652	-0.0305622559794579	0.0300870300882162	0.0205645817633959	0.0117805260940341	0.0159133865874619	0.0242938633856335	0.0475748957327397	0.0177425928778685	0.00104815606654317	0.109811969875443	0.0135118039566964	0.0553592740233587	0.0442750789630823	0.0534124938942795	0.0364318948194487	-0.0359707390548223	0.0432895862376374	0.0520335190598991	0.0960441689072437	0.0431422105993824	0.0522796255305797	0.0352990264557489	-0.0371036074185221	0.0421567178739375	0.0509006506961993	0.0949113005435439	0.0411954304703033	0.0242148313954725	-0.0481878024787985	0.0310725228136611	0.0398164556359229	0.0838271054832674	0.0333522463266697	-0.0390503875476013	0.0402099377448584	0.0489538705671201	0.0929645204144647	-0.0560309866224321	0.0232293386700276	0.0319732714922894	0.0759839213396339	-0.0491732952042434	-0.0404293623819817	0.00358128746536289	0.038830962910478	0.0828416127578225	0.0915855455800843
"Vernal"	0.00377700449481616	-0.0366984734510908	0.00178422008741334	0.00688653961913208	0.00078582841711356	-0.0438390771577721	-0.0088690832634832	-0.00576163176207135	-0.000161111203173986	0.000853768217872635	-0.0136088038163308	-0.102405246918959	-0.115840787464206	-0.045735786723547	-0.00295635746664715	-0.0100046144929921	-0.0144046490317528	-0.0128110067617553	-0.00612704709959051	0.00033279204680379	-0.0100156171982295	-0.0198574504146792	0.0135118039566964	0.0194463164966089	0.00533177205697412	-0.000992313633627592	0.00180794664582109	-0.0049158996607573	-0.0493141212120715	0.000410323514084509	0.00205489827080998	0.00864440422575629	0.000562453928530364	0.00336271420797904	-0.00336113209859935	-0.0477593536499135	0.00196509107624246	0.00360966583296793	0.0101991717879142	-0.00296137148262267	-0.00968521778920106	-0.0540834393405152	-0.00435899461435925	-0.00271441985763378	0.00387508609731253	-0.00688495750975238	-0.0512831790610665	-0.00155873433491057	8.58404218149036e-05	0.00667534637676122	-0.0580070253676449	-0.00828258064148896	-0.00663800588476349	-4.84999298171774e-05	-0.0526808021928031	-0.0510362274360776	-0.0444467214811313	-0.00131178270992168	0.00527772324502463	0.0069222980017501
"AfricanxChileanEst"	0.0871115644313357	-0.0213177712477628	0.0608355755388323	0.0845550028332773	0.0673818967953695	-0.0286679764028764	0.0165857616146683	0.0335808179002899	0.057664107559378	0.0411323075848259	0.00544675003378391	-0.152755285665464	-0.165781018060511	-0.036468495427126	0.0260570073782389	0.0170929034874753	0.00764200630570688	0.0126085378761138	0.0212580805986884	0.0549608270556791	0.0135722426742377	-0.00514993919171663	0.0553592740233587	0.00533177205697412	0.0670312621053119	0.0603461911658128	0.0723878359953569	0.0462791572325598	-0.0328218606170644	0.0565842859047873	0.0710361957435074	0.0712354192273472	0.0590679103667836	0.0711095551963277	0.0450008764335306	-0.0341001414160935	0.0553060051057581	0.0697579149444782	0.069957138428318	0.045622462729834	0.0195137839670369	-0.0595872338825872	0.0298189126392644	0.0442708224779845	0.0444700459618243	0.031555428796581	-0.0475455890530432	0.0418605574688085	0.0563124673075286	0.0565116907913684	-0.0736542678158403	0.0157518787060114	0.0302037885447315	0.0304030120285713	-0.0633491391436128	-0.0488972293048927	-0.0486980058210529	0.040508917216959	0.0407081407007988	0.0551600505395189
"AfricanxFlemishEst"	0.0728217733507312	-0.0266384642383091	0.0459115819757825	0.0478706089808945	0.0418911319189302	-0.0393397986683125	0.0115802275350604	0.0625539889632747	0.0424661525862184	0.0304060718971606	0.000665794262541814	-0.145108491636523	-0.157848603442012	-0.0413140117057543	0.0199650531702729	0.0114602179762386	0.00241052383828136	0.00722457482944516	0.0158768985011097	0.040168559529813	0.00953938653594496	-0.00761971955606772	0.0442750789630823	-0.000992313633627592	0.0603461911658128	0.0509484295869744	0.0576439629684748	0.0367437838066365	-0.0361433591428957	0.0463934132605021	0.0564951664402721	0.0585484261569067	0.0552122989720846	0.0451683807835564	0.0242682016217182	-0.0486189413278141	0.0339178310755837	0.0440195842553538	0.0460728439719884	0.0525100707747466	0.0316098916129083	-0.041277251336624	0.0412595210667738	0.0513612742465439	0.0534145339631785	0.0215659734243801	-0.0513211695251521	0.0312156028782457	0.0413173560580157	0.0433706157746503	-0.0722213486869904	0.0103154237164074	0.0204171768961774	0.022470436612812	-0.0625717192331249	-0.0524699660533548	-0.0504167063367202	0.030066806350043	0.0321200660666776	0.0422218192464477
"AfricanxIndianEst"	0.0860431685723923	-0.0223968726845223	0.0582323023257878	0.0587325034183214	0.0535351409770301	-0.0373109653177935	0.0124356090055602	0.0292447573645573	0.0868447239483319	0.0417127968685931	0.00280271411890722	-0.1547362539998	-0.166788789243115	-0.0394282060522805	0.0228000123669212	0.0135720248228143	0.00329916237145062	0.00856369951000639	0.0177048248810943	0.0514404435805971	0.0103509601139344	-0.00887977940337437	0.0534124938942795	0.00180794664582109	0.0723878359953569	0.0576439629684748	0.0711916872383585	0.0444229413456498	-0.0343465427137038	0.0544215904696567	0.0687418060764947	0.0697278312333359	0.0439886303914393	0.0727886136833267	0.0307676087686143	-0.0480018752907392	0.0407662578926213	0.0550864734994592	0.0560724986563005	0.0580447406564446	0.0160237357417322	-0.0627457483176213	0.0260223848657392	0.0403426004725772	0.0413286256294184	0.0448237190336196	-0.033945765025734	0.0548223681576265	0.0691425837644645	0.0701286089213057	-0.0759667699404463	0.0128013632429142	0.0271215788497521	0.0281076040065934	-0.0659681208164394	-0.0516479052096014	-0.0506618800527602	0.0371202279737591	0.0381062531306003	0.0524264687374383
"AfricanxLadakEst"	0.0592255109730683	-0.0275543708233928	0.0319470351754803	0.0333328034920514	0.0287011379042707	-0.0397948499599852	0.000954117164016599	0.0142620566402047	0.0296203717182313	0.0234404764401946	0.026313989786497	-0.128909819340424	-0.140231029404123	-0.0418712503413463	0.0104353848944954	0.00090184794895646	-0.00712810300040076	-0.00264675233438421	0.00516856012758231	0.0267841641122878	-0.000446978479454482	-0.0151694438403329	0.0364318948194487	-0.0049158996607573	0.0462791572325598	0.0367437838066365	0.0444229413456498	0.026597706138475	-0.0348421541836779	0.0348304479337819	0.043004837542678	0.0478287028962585	0.023797430066128	0.0314765876051413	0.0298233966392742	-0.0477885079241864	0.0218840941932734	0.0300584838021696	0.0348823491557501	0.021941214179218	0.0202880232133508	-0.0573238813501097	0.0123487207673501	0.0205231103762463	0.0253469757298267	0.0279671807523641	-0.0496447238110964	0.0200278783063633	0.0282022679152595	0.03302613326884	-0.0512979147769635	0.0183746873404962	0.0265490769493924	0.0313729423029728	-0.0592372172229643	-0.0510628276140681	-0.0462389622604877	0.0186097745033916	0.0234336398569721	0.0316080294658683
"AfricanxMfalcataEst"	-0.0187626863064829	-0.0309369386285288	-0.0479572285526404	-0.0468810349276458	-0.0523732314681342	-0.042556384158578	-0.0584097852493913	-0.0535240319793086	-0.0499303991209246	-0.0444864764341468	-0.0509216220608729	-0.000148395283810226	-0.0332683512667522	-0.0410148643722406	-0.0487293932035173	-0.0590410568237512	-0.0624214486493551	-0.0633082041345502	-0.0556146183613108	-0.0522485276045196	-0.0596358255123845	-0.0626922668760279	-0.0359707390548223	-0.0493141212120715	-0.0328218606170644	-0.0361433591428957	-0.0343465427137038	-0.0348421541836779	-0.0304157817698242	-0.0337460397550001	-0.0355056069555012	-0.0273667126806526	-0.0502025334534772	-0.0484057170242852	-0.0489013284942593	-0.023514715105728	-0.0478052140655815	-0.0495647812660827	-0.041425886991234	-0.0517272155501166	-0.0522228270200907	-0.0268362136315594	-0.0511267125914129	-0.0528862797919141	-0.0447473855170654	-0.0504260105908988	-0.0250393972023674	-0.049329896162221	-0.0510894633627221	-0.0429505690878735	-0.0255350086723415	-0.0498255076321951	-0.0515850748326962	-0.0434461805578476	-0.0244388942436638	-0.0261984614441649	-0.0180595671693162	-0.0504889604040184	-0.0423500661291698	-0.0441096333296709
"AfricanxMvariaEst"	0.0692794648759326	-0.025510695004389	0.0421058462611238	0.043889106933642	0.037961844989086	-0.0385403520340926	0.00900244435314896	0.0235073616450715	0.0395637160633809	0.0286176125157049	0.000381430991631105	-0.136771544385933	-0.150106171287908	-0.0397878525161358	0.0475249050391438	0.00895062913558046	0.000683850827410534	0.00433499477440459	0.0129652487518013	0.0366092192997022	0.00670287187336058	-0.00857583722036206	0.0432895862376374	0.000410323514084509	0.0565842859047873	0.0463934132605021	0.0544215904696567	0.0348304479337819	-0.0337460397550001	0.0384467971692298	0.0529443420878174	0.056284525556785	0.0336982342893568	0.0417264114985115	0.0221352689626366	-0.0464412187261454	0.0457070059863929	0.0402491631166721	0.0435893465856397	0.0315355388542262	0.0119443963183513	-0.0566320913704307	0.0355161333421077	0.0300582904723869	0.0333984739413544	0.019972573527506	-0.048603914161276	0.0435443105512624	0.0380864676815416	0.0414266511505091	-0.0681950566971509	0.0239531680153875	0.0184953251456667	0.0218355086146342	-0.0446233196733945	-0.0500811625431153	-0.0467409790741477	0.042067062169423	0.0454072456383906	0.0399494027686698
"AfricanxPeruvianEst"	0.0833458524823357	-0.0241438158098411	0.0593249358620677	0.0587265390046791	0.0536194669799432	-0.0365875726966877	0.0129208854546152	0.0296444803982085	0.0541377596706536	0.0373257989987613	0.00266382260302034	-0.154357066393338	-0.166700071270128	-0.0368569773418929	0.0225428316932991	0.0132467002161405	0.00369505531916395	0.00918329600547135	0.017447058694172	0.0776452233406331	0.0111671490817503	-0.00774146272102842	0.0520335190598991	0.00205489827080998	0.0710361957435074	0.0564951664402721	0.0687418060764947	0.043004837542678	-0.0355056069555012	0.0529443420878174	0.0596419261483349	0.0676896857711174	0.0441855097014438	0.0564321493376664	0.0306951808038497	-0.0478152636943296	0.0406346853489891	0.0681858811726561	0.0553800290322891	0.0418911200344311	0.0161541515006144	-0.0623562929975649	0.0260936560457538	0.0536448518694208	0.0408389997290538	0.028400791136837	-0.0501096533613423	0.0383402956819764	0.0658914915056434	0.0530856393652764	-0.0758466218951589	0.0126033271481597	0.0401545229718267	0.0273486708314597	-0.0659071173500196	-0.0383559215263525	-0.0511617736667195	0.0500940275169661	0.0372881753765991	0.0648393712002661
"AfricanxTurkistanEst"	0.0854144704339971	-0.0168356460152048	0.0566938718106718	0.0570563680206974	0.0514994459937385	-0.0317362739557826	0.0174009274206796	0.0316823818798164	0.0540411920326748	0.0404848466681216	0.01024293535852	-0.140147895795302	-0.152465360649984	-0.0342133430312242	0.0271545806795729	0.0176496561224313	0.00822952387512343	0.012716518026785	0.0216945813062959	0.0499649011082378	0.0148167991934341	-0.00285407345357771	0.0960441689072437	0.00864440422575629	0.0712354192273472	0.0585484261569067	0.0697278312333359	0.0478287028962585	-0.0273667126806526	0.056284525556785	0.0676896857711174	0.0718871757969072	0.0443693749502569	0.0555487800266861	0.0336496516896087	-0.0415457638873024	0.0421054743501351	0.0535106345644676	0.0765502684639705	0.0428617869562456	0.0209626586191682	-0.0542327569577429	0.0294184812796946	0.0408236414940271	0.06386327539353	0.0321420636955974	-0.0430533518813137	0.0405978863561238	0.0520030465704563	0.0750426804699592	-0.0649524802183911	0.0186987580190464	0.0301039182333789	0.0531435521328818	-0.0564966575578647	-0.0450914973435322	-0.0220518634440293	0.0385597408939054	0.0615993747934083	0.0730045350077407
